CONCEPT,REGION,STORE_TYPE,YEAR_TO_DATE_SALES_CURRENT_YEAR,YEAR_TO_DATE_SALES_LAST_YEAR,GROWTH_PERCENTAGE,ACHIEVEMENT_PERCENTAGE,KSA_YTD_SALES_CONCEPT,KSA_GROWTH_PCT_CONCEPT,KSA_ACHIEVEMENT_CONCEPT,KSA_YTD_SALES_REGION,KSA_GROWTH_PCT_REGION,KSA_ACHIEVEMENT_REGION,KSA_YTD_SALES_CONCEPT_REGION,KSA_GROWTH_PCT_CONCEPT_REGION,KSA_ACHIEVEMENT_CONCEPT_REGION,KSA_YTD_SALES_CONCEPT_STORE,KSA_GROWTH_PCT_CONCEPT_STORE,KSA_ACHIEVEMENT_CONCEPT_STORE
babyshop,central,mall,87606014.73,88292963.08,-0.778,95.89264265,500345029.1,4.628,102.6100788,1011328815,9.6711,104.7266634,160056392.9,2.6984,101.0206876,236333383.9,1.5519,99.15534254
babyshop,central,standalone,72450378.22,67557926.01,7.2419,108.0046563,500345029.1,4.628,102.6100788,1011328815,9.6711,104.7266634,160056392.9,2.6984,101.0206876,155726461.4,6.2052,105.7169812
babyshop,eastern,mall,40918379.53,39642664.96,3.218,103.3861995,500345029.1,4.628,102.6100788,526700932.9,4.2642,103.7158668,83514949.6,2.0848,104.3785378,236333383.9,1.5519,99.15534254
babyshop,eastern,standalone,42596570.07,42166695.07,1.0195,105.3498862,500345029.1,4.628,102.6100788,526700932.9,4.2642,103.7158668,83514949.6,2.0848,104.3785378,155726461.4,6.2052,105.7169812
babyshop,ecomm,ecomm,108285183.8,98863631.73,9.5298,106.1971727,500345029.1,4.628,102.6100788,700149647.6,10.9894,102.0023361,108285183.8,9.5298,106.1971727,108285183.8,9.5298,106.1971727
babyshop,western,mall,107808989.6,104786144.6,2.8848,100.371482,500345029.1,4.628,102.6100788,1017550614,5.4376,101.3141434,148488502.8,4.7986,100.8747792,236333383.9,1.5519,99.15534254
babyshop,western,standalone,40679513.16,36903237.85,10.2329,102.2333617,500345029.1,4.628,102.6100788,1017550614,5.4376,101.3141434,148488502.8,4.7986,100.8747792,155726461.4,6.2052,105.7169812
centrepoint ebrands,central,ecomm,null,null,null,null,28287319.48,-10.3198,89.17560082,1011328815,9.6711,104.7266634,-1064438.226,24.9222,-929.8961953,30678770.86,-8.4632,97.68437476
centrepoint ebrands,central,mall,-519309.0801,-374226.1386,38.7688,-707.2068746,28287319.48,-10.3198,89.17560082,1011328815,9.6711,104.7266634,-1064438.226,24.9222,-929.8961953,-1295956.28,35.9465,-609.2195898
centrepoint ebrands,central,standalone,-545129.1462,-477854.4438,14.0785,-1328.368312,28287319.48,-10.3198,89.17560082,1011328815,9.6711,104.7266634,-1064438.226,24.9222,-929.8961953,-1095495.095,7.4513,-1072.145901
centrepoint ebrands,eastern,mall,-251768.7419,-144362.6921,74.4001,-470.4709066,28287319.48,-10.3198,89.17560082,526700932.9,4.2642,103.7158668,-458064.7691,36.5055,-565.3696712,-1295956.28,35.9465,-609.2195898
centrepoint ebrands,eastern,standalone,-206296.0272,-191202.3272,7.8941,-749.9982811,28287319.48,-10.3198,89.17560082,526700932.9,4.2642,103.7158668,-458064.7691,36.5055,-565.3696712,-1095495.095,7.4513,-1072.145901
centrepoint ebrands,ecomm,ecomm,30678770.86,33515237.73,-8.4632,97.68437476,28287319.48,-10.3198,89.17560082,700149647.6,10.9894,102.0023361,30678770.86,-8.4632,97.68437476,30678770.86,-8.4632,97.68437476
centrepoint ebrands,western,mall,-524878.4581,-434695.105,20.7463,-611.8976462,28287319.48,-10.3198,89.17560082,1017550614,5.4376,101.3141434,-868948.3792,10.6707,-727.6838425,-1295956.28,35.9465,-609.2195898
centrepoint ebrands,western,standalone,-344069.9211,-350470.3181,-1.8262,-1022.97942,28287319.48,-10.3198,89.17560082,1017550614,5.4376,101.3141434,-868948.3792,10.6707,-727.6838425,-1095495.095,7.4513,-1072.145901
home box,central,mall,23804910.42,28434420.04,-16.2814,85.22849662,259909053.7,-5.5526,89.59761466,1011328815,9.6711,104.7266634,45323895.04,-11.2607,92.05761789,73956505.51,-16.954,85.41465751
home box,central,standalone,21518984.62,22640937.18,-4.9554,101.0111431,259909053.7,-5.5526,89.59761466,1011328815,9.6711,104.7266634,45323895.04,-11.2607,92.05761789,75573426.91,-5.2511,87.16776913
home box,eastern,mall,7260925.619,7729630.76,-6.0637,91.33537445,259909053.7,-5.5526,89.59761466,526700932.9,4.2642,103.7158668,31442074.52,-5.7817,93.35273518,73956505.51,-16.954,85.41465751
home box,eastern,standalone,24181148.91,25641889.2,-5.6967,93.97600571,259909053.7,-5.5526,89.59761466,526700932.9,4.2642,103.7158668,31442074.52,-5.7817,93.35273518,75573426.91,-5.2511,87.16776913
home box,ecomm,ecomm,110379121.3,106372700.2,3.7664,94.50209843,259909053.7,-5.5526,89.59761466,700149647.6,10.9894,102.0023361,110379121.3,3.7664,94.50209843,110379121.3,3.7664,94.50209843
home box,western,mall,42890669.47,52890830.11,-18.9072,84.58892623,259909053.7,-5.5526,89.59761466,1017550614,5.4376,101.3141434,72763962.85,-13.7559,80.51882965,73956505.51,-16.954,85.41465751
home box,western,standalone,29873293.38,31478943.7,-5.1007,75.31579197,259909053.7,-5.5526,89.59761466,1017550614,5.4376,101.3141434,72763962.85,-13.7559,80.51882965,75573426.91,-5.2511,87.16776913
home centre,central,mall,26742384.29,27795333.21,-3.7882,89.05756655,613893177.2,3.5329,100.3367199,1011328815,9.6711,104.7266634,157965271.8,10.2095,102.8969623,132422250.7,-6.448,93.03618148
home centre,central,standalone,131222887.5,115536460.3,13.577,106.2621991,613893177.2,3.5329,100.3367199,1011328815,9.6711,104.7266634,157965271.8,10.2095,102.8969623,250888022.6,4.7479,102.7671741
home centre,eastern,mall,7433033.08,7777965.27,-4.4347,93.21973343,613893177.2,3.5329,100.3367199,526700932.9,4.2642,103.7158668,76071368.06,-2.1758,99.89326906,132422250.7,-6.448,93.03618148
home centre,eastern,standalone,68638334.98,69985368.2,-1.9247,100.6737525,613893177.2,3.5329,100.3367199,526700932.9,4.2642,103.7158668,76071368.06,-2.1758,99.89326906,250888022.6,4.7479,102.7671741
home centre,ecomm,ecomm,230582903.9,211879588.4,8.8273,102.3146682,613893177.2,3.5329,100.3367199,700149647.6,10.9894,102.0023361,230582903.9,8.8273,102.3146682,230582903.9,8.8273,102.3146682
home centre,western,mall,98246833.3,105976026.7,-7.2933,94.16725109,613893177.2,3.5329,100.3367199,1017550614,5.4376,101.3141434,149273633.4,-6.6866,95.20243023,132422250.7,-6.448,93.03618148
home centre,western,standalone,51026800.15,53994104.14,-5.4956,97.2610435,613893177.2,3.5329,100.3367199,1017550614,5.4376,101.3141434,149273633.4,-6.6866,95.20243023,250888022.6,4.7479,102.7671741
iconic,ecomm,ecomm,null,null,null,null,null,null,null,700149647.6,10.9894,102.0023361,null,null,null,null,null,null
lifestyle,central,mall,35632790.51,33790844.68,5.451,96.72963236,165532232.7,6.0179,97.62047543,1011328815,9.6711,104.7266634,55574329.94,3.8395,95.40864156,98913014.57,3.0703,96.3589572
lifestyle,central,standalone,19941539.43,19728598.05,1.0794,93.13590782,165532232.7,6.0179,97.62047543,1011328815,9.6711,104.7266634,55574329.94,3.8395,95.40864156,45161130.83,4.6751,95.47460182
lifestyle,eastern,mall,19785551.72,19835350.84,-0.2511,93.86129484,165532232.7,6.0179,97.62047543,526700932.9,4.2642,103.7158668,32785142.75,0.2749,95.80693839,98913014.57,3.0703,96.3589572
lifestyle,eastern,standalone,12999591.03,12859911.8,1.0862,98.9280898,165532232.7,6.0179,97.62047543,526700932.9,4.2642,103.7158668,32785142.75,0.2749,95.80693839,45161130.83,4.6751,95.47460182
lifestyle,ecomm,ecomm,21458087.32,17025385.15,26.0358,109.3972281,165532232.7,6.0179,97.62047543,700149647.6,10.9894,102.0023361,21458087.32,26.0358,109.3972281,21458087.32,26.0358,109.3972281
lifestyle,western,mall,43494672.34,42340400.27,2.7262,97.23067284,165532232.7,6.0179,97.62047543,1017550614,5.4376,101.3141434,55714672.71,5.3287,96.92282717,98913014.57,3.0703,96.3589572
lifestyle,western,standalone,12220000.37,10555590.1,15.768,95.84275224,165532232.7,6.0179,97.62047543,1017550614,5.4376,101.3141434,55714672.71,5.3287,96.92282717,45161130.83,4.6751,95.47460182
max,central,mall,211112070.5,174881805.4,20.717,111.3116844,1014269020,18.4254,110.1621443,1011328815,9.6711,104.7266634,359371384.4,19.651,111.0511003,541685865.5,20.4118,110.6361973
max,central,standalone,148259313.9,125467804.5,18.1652,110.6821432,1014269020,18.4254,110.1621443,1011328815,9.6711,104.7266634,359371384.4,19.651,111.0511003,356155983.6,13.1603,109.4591834
max,eastern,mall,84449175.48,74208362.32,13.8001,108.2989304,1014269020,18.4254,110.1621443,526700932.9,4.2642,103.7158668,171458680.4,12.4114,108.6461269,541685865.5,20.4118,110.6361973
max,eastern,standalone,87009504.93,78319518.07,11.0956,108.9852423,1014269020,18.4254,110.1621443,526700932.9,4.2642,103.7158668,171458680.4,12.4114,108.6461269,356155983.6,13.1603,109.4591834
max,ecomm,ecomm,116427170.8,91865466.94,26.7366,110.1302372,1014269020,18.4254,110.1621443,700149647.6,10.9894,102.0023361,116427170.8,26.7366,110.1302372,116427170.8,26.7366,110.1302372
max,western,mall,246124619.5,200771007.3,22.5897,110.8801143,1014269020,18.4254,110.1621443,1017550614,5.4376,101.3141434,367011784.2,17.7378,110.0270808,541685865.5,20.4118,110.6361973
max,western,standalone,120887164.7,110948621.8,8.9578,108.3302558,1014269020,18.4254,110.1621443,1017550614,5.4376,101.3141434,367011784.2,17.7378,110.0270808,356155983.6,13.1603,109.4591834
shoe mart,central,mall,36272582.44,37374275.93,-2.9477,93.94754387,209438654.6,1.9948,97.18207416,1011328815,9.6711,104.7266634,66401566.07,-1.144,98.51563696,103150648.7,-2.0632,94.73045966
shoe mart,central,standalone,30128983.63,29795711.79,1.1185,104.6412031,209438654.6,1.9948,97.18207416,1011328815,9.6711,104.7266634,66401566.07,-1.144,98.51563696,67195160.55,0.3036,100.5826878
shoe mart,eastern,mall,19159278.91,19497005.1,-1.7322,95.44439512,209438654.6,1.9948,97.18207416,526700932.9,4.2642,103.7158668,38937110.61,-2.5318,96.97026186,103150648.7,-2.0632,94.73045966
shoe mart,eastern,standalone,19777831.7,20451535.02,-3.2941,98.49566192,209438654.6,1.9948,97.18207416,526700932.9,4.2642,103.7158668,38937110.61,-2.5318,96.97026186,67195160.55,0.3036,100.5826878
shoe mart,ecomm,ecomm,39092845.39,33026964.99,18.3664,98.18093509,209438654.6,1.9948,97.18207416,700149647.6,10.9894,102.0023361,39092845.39,18.3664,98.18093509,39092845.39,18.3664,98.18093509
shoe mart,western,mall,47718787.31,48452387.92,-1.5141,95.04708962,209438654.6,1.9948,97.18207416,1017550614,5.4376,101.3141434,65007132.54,-0.2911,95.40406047,103150648.7,-2.0632,94.73045966
shoe mart,western,standalone,17288345.23,16744528.12,3.2477,96.40342136,209438654.6,1.9948,97.18207416,1017550614,5.4376,101.3141434,65007132.54,-0.2911,95.40406047,67195160.55,0.3036,100.5826878
shoexpress,central,mall,4052582.64,4365150.173,-7.1605,103.587607,23581632.92,0.7322,94.66151492,1011328815,9.6711,104.7266634,5472809.42,1.7685,110.6201245,11868939.05,-13.3185,94.20418682
shoexpress,central,standalone,1420226.78,1012556.84,40.2614,137.1983584,23581632.92,0.7322,94.66151492,1011328815,9.6711,104.7266634,5472809.42,1.7685,110.6201245,2315658.081,21.3788,123.2040835
shoexpress,eastern,mall,2175559.36,2374808.64,-8.3901,90.31199233,23581632.92,0.7322,94.66151492,526700932.9,4.2642,103.7158668,2990956.431,-7.3108,91.93594817,11868939.05,-13.3185,94.20418682
shoexpress,eastern,standalone,815397.071,852057.912,-4.3026,96.56901298,23581632.92,0.7322,94.66151492,526700932.9,4.2642,103.7158668,2990956.431,-7.3108,91.93594817,2315658.081,21.3788,123.2040835
shoexpress,ecomm,ecomm,9397035.787,7809833.267,20.3231,90.07171191,23581632.92,0.7322,94.66151492,700149647.6,10.9894,102.0023361,9397035.787,20.3231,90.07171191,9397035.787,20.3231,90.07171191
shoexpress,western,mall,5640797.05,6952633.88,-18.8682,89.85024813,23581632.92,0.7322,94.66151492,1017550614,5.4376,101.3141434,5720831.28,-18.2249,91.12508489,11868939.05,-13.3185,94.20418682
shoexpress,western,standalone,80034.23,43179.836,85.3509,null,23581632.92,0.7322,94.66151492,1017550614,5.4376,101.3141434,5720831.28,-18.2249,91.12508489,2315658.081,21.3788,123.2040835
splash,central,mall,95363763.11,85098601.5,12.0627,106.8971649,440473890,9.0376,106.8281937,1011328815,9.6711,104.7266634,162227603.6,10.8688,108.0285217,255830497.8,8.7035,106.9238555
splash,central,standalone,66863840.5,61225333.98,9.2094,109.684175,440473890,9.0376,106.8281937,1011328815,9.6711,104.7266634,162227603.6,10.8688,108.0285217,150794863.8,9.1522,109.4524432
splash,eastern,mall,47054220.32,42203990.57,11.4923,110.9899527,440473890,9.0376,106.8281937,526700932.9,4.2642,103.7158668,89958715.26,6.8992,109.0890723,255830497.8,8.7035,106.9238555
splash,eastern,standalone,42904494.94,41948831.44,2.2782,107.0778205,440473890,9.0376,106.8281937,526700932.9,4.2642,103.7158668,89958715.26,6.8992,109.0890723,150794863.8,9.1522,109.4524432
splash,ecomm,ecomm,33848528.51,30467063.4,11.0988,95.93259383,440473890,9.0376,106.8281937,700149647.6,10.9894,102.0023361,33848528.51,11.0988,95.93259383,33848528.51,11.0988,95.93259383
splash,western,mall,113412514.3,108044406.9,4.9684,105.3447757,440473890,9.0376,106.8281937,1017550614,5.4376,101.3141434,154439042.6,7.9833,106.9510595,255830497.8,8.7035,106.9238555
splash,western,standalone,41026528.33,34976840.05,17.2963,111.6575093,440473890,9.0376,106.8281937,1017550614,5.4376,101.3141434,154439042.6,7.9833,106.9510595,150794863.8,9.1522,109.4524432
