CONCEPT,REGION,STORE_TYPE,YEAR_TO_DATE_SALES_CURRENT_YEAR,YEAR_TO_DATE_SALES_LAST_YEAR,GROWTH_PERCENTAGE,ACHIEVEMENT_PERCENTAGE,BUDGET,KSA_YTD_SALES_CONCEPT,KSA_GROWTH_PCT_CONCEPT,KSA_ACHIEVEMENT_CONCEPT,KSA_YTD_SALES_REGION,KSA_GROWTH_PCT_REGION,KSA_ACHIEVEMENT_REGION,KSA_YTD_SALES_CONCEPT_REGION,KSA_GROWTH_PCT_CONCEPT_REGION,KSA_ACHIEVEMENT_CONCEPT_REGION,KSA_YTD_SALES_CONCEPT_STORE,KSA_GROWTH_PCT_CONCEPT_STORE,KSA_ACHIEVEMENT_CONCEPT_STORE,KSA_YTD_SALES_REGION_STORE,KSA_LY_YTD_SALES_REGION_STORE,KSA_GROWTH_PCT_REGION_STORE,KSA_ACHIEVEMENT_REGION_STORE
babyshop,central,mall,87606014.73,88292963.08,-0.778,95.89264265,91358432,500345029.1,4.628,102.6100788,1011328815,9.6711,104.7266634,160056392.9,2.6984,101.0206876,236333383.9,1.5519,99.15534254,520067789.6,479659167.9,8.4244,102.4523589
babyshop,central,standalone,72450378.22,67557926.01,7.2419,108.0046563,67080791.4,500345029.1,4.628,102.6100788,1011328815,9.6711,104.7266634,160056392.9,2.6984,101.0206876,155726461.4,6.2052,105.7169812,491261025.4,442487474.2,11.0226,107.2470054
babyshop,eastern,mall,40918379.53,39642664.96,3.218,103.3861995,39578183.3,500345029.1,4.628,102.6100788,526700932.9,4.2642,103.7158668,83514949.6,2.0848,104.3785378,236333383.9,1.5519,99.15534254,227984355.3,213125415.8,6.9719,103.8699266
babyshop,eastern,standalone,42596570.07,42166695.07,1.0195,105.3498862,40433427.7,500345029.1,4.628,102.6100788,526700932.9,4.2642,103.7158668,83514949.6,2.0848,104.3785378,155726461.4,6.2052,105.7169812,298716577.6,292034604.4,2.2881,103.5985935
babyshop,ecomm,ecomm,108285183.8,98863631.73,9.5298,106.1971727,101966164.5,500345029.1,4.628,102.6100788,700149647.6,10.9894,102.0023361,108285183.8,9.5298,106.1971727,108285183.8,9.5298,106.1971727,700149647.6,630825871.8,10.9894,102.0023361
babyshop,western,mall,107808989.6,104786144.6,2.8848,100.371482,107409980.9,500345029.1,4.628,102.6100788,1017550614,5.4376,101.3141434,148488502.8,4.7986,100.8747792,236333383.9,1.5519,99.15534254,704813004.5,669779142.6,5.2307,101.6486144
babyshop,western,standalone,40679513.16,36903237.85,10.2329,102.2333617,39790839.8,500345029.1,4.628,102.6100788,1017550614,5.4376,101.3141434,148488502.8,4.7986,100.8747792,155726461.4,6.2052,105.7169812,312737609.7,295294575.3,5.907,100.5683609
centrepoint ebrands,central,ecomm,null,null,null,null,null,28287319.48,-10.3198,89.17560082,1011328815,9.6711,104.7266634,-1064438.226,24.9222,-929.8961953,30678770.86,-8.4632,97.68437476,null,null,null,null
centrepoint ebrands,central,mall,-519309.0801,-374226.1386,38.7688,-707.2068746,73431,28287319.48,-10.3198,89.17560082,1011328815,9.6711,104.7266634,-1064438.226,24.9222,-929.8961953,-1295956.28,35.9465,-609.2195898,520067789.6,479659167.9,8.4244,102.4523589
centrepoint ebrands,central,standalone,-545129.1462,-477854.4438,14.0785,-1328.368312,41037.5,28287319.48,-10.3198,89.17560082,1011328815,9.6711,104.7266634,-1064438.226,24.9222,-929.8961953,-1095495.095,7.4513,-1072.145901,491261025.4,442487474.2,11.0226,107.2470054
centrepoint ebrands,eastern,mall,-251768.7419,-144362.6921,74.4001,-470.4709066,53514.2,28287319.48,-10.3198,89.17560082,526700932.9,4.2642,103.7158668,-458064.7691,36.5055,-565.3696712,-1295956.28,35.9465,-609.2195898,227984355.3,213125415.8,6.9719,103.8699266
centrepoint ebrands,eastern,standalone,-206296.0272,-191202.3272,7.8941,-749.9982811,27506.2,28287319.48,-10.3198,89.17560082,526700932.9,4.2642,103.7158668,-458064.7691,36.5055,-565.3696712,-1095495.095,7.4513,-1072.145901,298716577.6,292034604.4,2.2881,103.5985935
centrepoint ebrands,ecomm,ecomm,30678770.86,33515237.73,-8.4632,97.68437476,31406016.5,28287319.48,-10.3198,89.17560082,700149647.6,10.9894,102.0023361,30678770.86,-8.4632,97.68437476,30678770.86,-8.4632,97.68437476,700149647.6,630825871.8,10.9894,102.0023361
centrepoint ebrands,western,mall,-524878.4581,-434695.105,20.7463,-611.8976462,85778.8,28287319.48,-10.3198,89.17560082,1017550614,5.4376,101.3141434,-868948.3792,10.6707,-727.6838425,-1295956.28,35.9465,-609.2195898,704813004.5,669779142.6,5.2307,101.6486144
centrepoint ebrands,western,standalone,-344069.9211,-350470.3181,-1.8262,-1022.97942,33634.1,28287319.48,-10.3198,89.17560082,1017550614,5.4376,101.3141434,-868948.3792,10.6707,-727.6838425,-1095495.095,7.4513,-1072.145901,312737609.7,295294575.3,5.907,100.5683609
home box,central,mall,23804910.42,28434420.04,-16.2814,85.22849662,27930693.8,259909053.7,-5.5526,89.59761466,1011328815,9.6711,104.7266634,45323895.04,-11.2607,92.05761789,73956505.51,-16.954,85.41465751,520067789.6,479659167.9,8.4244,102.4523589
home box,central,standalone,21518984.62,22640937.18,-4.9554,101.0111431,21303575,259909053.7,-5.5526,89.59761466,1011328815,9.6711,104.7266634,45323895.04,-11.2607,92.05761789,75573426.91,-5.2511,87.16776913,491261025.4,442487474.2,11.0226,107.2470054
home box,eastern,mall,7260925.619,7729630.76,-6.0637,91.33537445,7949740.9,259909053.7,-5.5526,89.59761466,526700932.9,4.2642,103.7158668,31442074.52,-5.7817,93.35273518,73956505.51,-16.954,85.41465751,227984355.3,213125415.8,6.9719,103.8699266
home box,eastern,standalone,24181148.91,25641889.2,-5.6967,93.97600571,25731194.6,259909053.7,-5.5526,89.59761466,526700932.9,4.2642,103.7158668,31442074.52,-5.7817,93.35273518,75573426.91,-5.2511,87.16776913,298716577.6,292034604.4,2.2881,103.5985935
home box,ecomm,ecomm,110379121.3,106372700.2,3.7664,94.50209843,116800709.3,259909053.7,-5.5526,89.59761466,700149647.6,10.9894,102.0023361,110379121.3,3.7664,94.50209843,110379121.3,3.7664,94.50209843,700149647.6,630825871.8,10.9894,102.0023361
home box,western,mall,42890669.47,52890830.11,-18.9072,84.58892623,50704827.9,259909053.7,-5.5526,89.59761466,1017550614,5.4376,101.3141434,72763962.85,-13.7559,80.51882965,73956505.51,-16.954,85.41465751,704813004.5,669779142.6,5.2307,101.6486144
home box,western,standalone,29873293.38,31478943.7,-5.1007,75.31579197,39664050,259909053.7,-5.5526,89.59761466,1017550614,5.4376,101.3141434,72763962.85,-13.7559,80.51882965,75573426.91,-5.2511,87.16776913,312737609.7,295294575.3,5.907,100.5683609
home centre,central,mall,26742384.29,27795333.21,-3.7882,89.05756655,30028200.1,613893177.2,3.5329,100.3367199,1011328815,9.6711,104.7266634,157965271.8,10.2095,102.8969623,132422250.7,-6.448,93.03618148,520067789.6,479659167.9,8.4244,102.4523589
home centre,central,standalone,131222887.5,115536460.3,13.577,106.2621991,123489715.6,613893177.2,3.5329,100.3367199,1011328815,9.6711,104.7266634,157965271.8,10.2095,102.8969623,250888022.6,4.7479,102.7671741,491261025.4,442487474.2,11.0226,107.2470054
home centre,eastern,mall,7433033.08,7777965.27,-4.4347,93.21973343,7973669.1,613893177.2,3.5329,100.3367199,526700932.9,4.2642,103.7158668,76071368.06,-2.1758,99.89326906,132422250.7,-6.448,93.03618148,227984355.3,213125415.8,6.9719,103.8699266
home centre,eastern,standalone,68638334.98,69985368.2,-1.9247,100.6737525,68178977.4,613893177.2,3.5329,100.3367199,526700932.9,4.2642,103.7158668,76071368.06,-2.1758,99.89326906,250888022.6,4.7479,102.7671741,298716577.6,292034604.4,2.2881,103.5985935
home centre,ecomm,ecomm,230582903.9,211879588.4,8.8273,102.3146682,225366419,613893177.2,3.5329,100.3367199,700149647.6,10.9894,102.0023361,230582903.9,8.8273,102.3146682,230582903.9,8.8273,102.3146682,700149647.6,630825871.8,10.9894,102.0023361
home centre,western,mall,98246833.3,105976026.7,-7.2933,94.16725109,104332272.8,613893177.2,3.5329,100.3367199,1017550614,5.4376,101.3141434,149273633.4,-6.6866,95.20243023,132422250.7,-6.448,93.03618148,704813004.5,669779142.6,5.2307,101.6486144
home centre,western,standalone,51026800.15,53994104.14,-5.4956,97.2610435,52463759.7,613893177.2,3.5329,100.3367199,1017550614,5.4376,101.3141434,149273633.4,-6.6866,95.20243023,250888022.6,4.7479,102.7671741,312737609.7,295294575.3,5.907,100.5683609
iconic,ecomm,ecomm,null,null,null,null,null,null,null,null,700149647.6,10.9894,102.0023361,null,null,null,null,null,null,700149647.6,630825871.8,10.9894,102.0023361
lifestyle,central,mall,35632790.51,33790844.68,5.451,96.72963236,36837512.6,165532232.7,6.0179,97.62047543,1011328815,9.6711,104.7266634,55574329.94,3.8395,95.40864156,98913014.57,3.0703,96.3589572,520067789.6,479659167.9,8.4244,102.4523589
lifestyle,central,standalone,19941539.43,19728598.05,1.0794,93.13590782,21411225.7,165532232.7,6.0179,97.62047543,1011328815,9.6711,104.7266634,55574329.94,3.8395,95.40864156,45161130.83,4.6751,95.47460182,491261025.4,442487474.2,11.0226,107.2470054
lifestyle,eastern,mall,19785551.72,19835350.84,-0.2511,93.86129484,21079564,165532232.7,6.0179,97.62047543,526700932.9,4.2642,103.7158668,32785142.75,0.2749,95.80693839,98913014.57,3.0703,96.3589572,227984355.3,213125415.8,6.9719,103.8699266
lifestyle,eastern,standalone,12999591.03,12859911.8,1.0862,98.9280898,13140444.8,165532232.7,6.0179,97.62047543,526700932.9,4.2642,103.7158668,32785142.75,0.2749,95.80693839,45161130.83,4.6751,95.47460182,298716577.6,292034604.4,2.2881,103.5985935
lifestyle,ecomm,ecomm,21458087.32,17025385.15,26.0358,109.3972281,19614836.4,165532232.7,6.0179,97.62047543,700149647.6,10.9894,102.0023361,21458087.32,26.0358,109.3972281,21458087.32,26.0358,109.3972281,700149647.6,630825871.8,10.9894,102.0023361
lifestyle,western,mall,43494672.34,42340400.27,2.7262,97.23067284,44733489,165532232.7,6.0179,97.62047543,1017550614,5.4376,101.3141434,55714672.71,5.3287,96.92282717,98913014.57,3.0703,96.3589572,704813004.5,669779142.6,5.2307,101.6486144
lifestyle,western,standalone,12220000.37,10555590.1,15.768,95.84275224,12750051.6,165532232.7,6.0179,97.62047543,1017550614,5.4376,101.3141434,55714672.71,5.3287,96.92282717,45161130.83,4.6751,95.47460182,312737609.7,295294575.3,5.907,100.5683609
max,central,mall,211112070.5,174881805.4,20.717,111.3116844,189658499.5,1014269020,18.4254,110.1621443,1011328815,9.6711,104.7266634,359371384.4,19.651,111.0511003,541685865.5,20.4118,110.6361973,520067789.6,479659167.9,8.4244,102.4523589
max,central,standalone,148259313.9,125467804.5,18.1652,110.6821432,133950526.8,1014269020,18.4254,110.1621443,1011328815,9.6711,104.7266634,359371384.4,19.651,111.0511003,356155983.6,13.1603,109.4591834,491261025.4,442487474.2,11.0226,107.2470054
max,eastern,mall,84449175.48,74208362.32,13.8001,108.2989304,77977848.1,1014269020,18.4254,110.1621443,526700932.9,4.2642,103.7158668,171458680.4,12.4114,108.6461269,541685865.5,20.4118,110.6361973,227984355.3,213125415.8,6.9719,103.8699266
max,eastern,standalone,87009504.93,78319518.07,11.0956,108.9852423,79836043,1014269020,18.4254,110.1621443,526700932.9,4.2642,103.7158668,171458680.4,12.4114,108.6461269,356155983.6,13.1603,109.4591834,298716577.6,292034604.4,2.2881,103.5985935
max,ecomm,ecomm,116427170.8,91865466.94,26.7366,110.1302372,105717715.4,1014269020,18.4254,110.1621443,700149647.6,10.9894,102.0023361,116427170.8,26.7366,110.1302372,116427170.8,26.7366,110.1302372,700149647.6,630825871.8,10.9894,102.0023361
max,western,mall,246124619.5,200771007.3,22.5897,110.8801143,221973634.3,1014269020,18.4254,110.1621443,1017550614,5.4376,101.3141434,367011784.2,17.7378,110.0270808,541685865.5,20.4118,110.6361973,704813004.5,669779142.6,5.2307,101.6486144
max,western,standalone,120887164.7,110948621.8,8.9578,108.3302558,111591322.2,1014269020,18.4254,110.1621443,1017550614,5.4376,101.3141434,367011784.2,17.7378,110.0270808,356155983.6,13.1603,109.4591834,312737609.7,295294575.3,5.907,100.5683609
shoe mart,central,mall,36272582.44,37374275.93,-2.9477,93.94754387,38609399.4,209438654.6,1.9948,97.18207416,1011328815,9.6711,104.7266634,66401566.07,-1.144,98.51563696,103150648.7,-2.0632,94.73045966,520067789.6,479659167.9,8.4244,102.4523589
shoe mart,central,standalone,30128983.63,29795711.79,1.1185,104.6412031,28792657.9,209438654.6,1.9948,97.18207416,1011328815,9.6711,104.7266634,66401566.07,-1.144,98.51563696,67195160.55,0.3036,100.5826878,491261025.4,442487474.2,11.0226,107.2470054
shoe mart,eastern,mall,19159278.91,19497005.1,-1.7322,95.44439512,20073760.1,209438654.6,1.9948,97.18207416,526700932.9,4.2642,103.7158668,38937110.61,-2.5318,96.97026186,103150648.7,-2.0632,94.73045966,227984355.3,213125415.8,6.9719,103.8699266
shoe mart,eastern,standalone,19777831.7,20451535.02,-3.2941,98.49566192,20079901.3,209438654.6,1.9948,97.18207416,526700932.9,4.2642,103.7158668,38937110.61,-2.5318,96.97026186,67195160.55,0.3036,100.5826878,298716577.6,292034604.4,2.2881,103.5985935
shoe mart,ecomm,ecomm,39092845.39,33026964.99,18.3664,98.18093509,39817145.1,209438654.6,1.9948,97.18207416,700149647.6,10.9894,102.0023361,39092845.39,18.3664,98.18093509,39092845.39,18.3664,98.18093509,700149647.6,630825871.8,10.9894,102.0023361
shoe mart,western,mall,47718787.31,48452387.92,-1.5141,95.04708962,50205416.6,209438654.6,1.9948,97.18207416,1017550614,5.4376,101.3141434,65007132.54,-0.2911,95.40406047,103150648.7,-2.0632,94.73045966,704813004.5,669779142.6,5.2307,101.6486144
shoe mart,western,standalone,17288345.23,16744528.12,3.2477,96.40342136,17933331.6,209438654.6,1.9948,97.18207416,1017550614,5.4376,101.3141434,65007132.54,-0.2911,95.40406047,67195160.55,0.3036,100.5826878,312737609.7,295294575.3,5.907,100.5683609
shoexpress,central,mall,4052582.64,4365150.173,-7.1605,103.587607,3912227.3,23581632.92,0.7322,94.66151492,1011328815,9.6711,104.7266634,5472809.42,1.7685,110.6201245,11868939.05,-13.3185,94.20418682,520067789.6,479659167.9,8.4244,102.4523589
shoexpress,central,standalone,1420226.78,1012556.84,40.2614,137.1983584,1035163.1,23581632.92,0.7322,94.66151492,1011328815,9.6711,104.7266634,5472809.42,1.7685,110.6201245,2315658.081,21.3788,123.2040835,491261025.4,442487474.2,11.0226,107.2470054
shoexpress,eastern,mall,2175559.36,2374808.64,-8.3901,90.31199233,2408937.4,23581632.92,0.7322,94.66151492,526700932.9,4.2642,103.7158668,2990956.431,-7.3108,91.93594817,11868939.05,-13.3185,94.20418682,227984355.3,213125415.8,6.9719,103.8699266
shoexpress,eastern,standalone,815397.071,852057.912,-4.3026,96.56901298,844367.2,23581632.92,0.7322,94.66151492,526700932.9,4.2642,103.7158668,2990956.431,-7.3108,91.93594817,2315658.081,21.3788,123.2040835,298716577.6,292034604.4,2.2881,103.5985935
shoexpress,ecomm,ecomm,9397035.787,7809833.267,20.3231,90.07171191,10432838,23581632.92,0.7322,94.66151492,700149647.6,10.9894,102.0023361,9397035.787,20.3231,90.07171191,9397035.787,20.3231,90.07171191,700149647.6,630825871.8,10.9894,102.0023361
shoexpress,western,mall,5640797.05,6952633.88,-18.8682,89.85024813,6277998.3,23581632.92,0.7322,94.66151492,1017550614,5.4376,101.3141434,5720831.28,-18.2249,91.12508489,11868939.05,-13.3185,94.20418682,704813004.5,669779142.6,5.2307,101.6486144
shoexpress,western,standalone,80034.23,43179.836,85.3509,null,null,23581632.92,0.7322,94.66151492,1017550614,5.4376,101.3141434,5720831.28,-18.2249,91.12508489,2315658.081,21.3788,123.2040835,312737609.7,295294575.3,5.907,100.5683609
splash,central,mall,95363763.11,85098601.5,12.0627,106.8971649,89210750.5,440473890,9.0376,106.8281937,1011328815,9.6711,104.7266634,162227603.6,10.8688,108.0285217,255830497.8,8.7035,106.9238555,520067789.6,479659167.9,8.4244,102.4523589
splash,central,standalone,66863840.5,61225333.98,9.2094,109.684175,60960335,440473890,9.0376,106.8281937,1011328815,9.6711,104.7266634,162227603.6,10.8688,108.0285217,150794863.8,9.1522,109.4524432,491261025.4,442487474.2,11.0226,107.2470054
splash,eastern,mall,47054220.32,42203990.57,11.4923,110.9899527,42395026.9,440473890,9.0376,106.8281937,526700932.9,4.2642,103.7158668,89958715.26,6.8992,109.0890723,255830497.8,8.7035,106.9238555,227984355.3,213125415.8,6.9719,103.8699266
splash,eastern,standalone,42904494.94,41948831.44,2.2782,107.0778205,40068517.2,440473890,9.0376,106.8281937,526700932.9,4.2642,103.7158668,89958715.26,6.8992,109.0890723,150794863.8,9.1522,109.4524432,298716577.6,292034604.4,2.2881,103.5985935
splash,ecomm,ecomm,33848528.51,30467063.4,11.0988,95.93259383,35283658.2,440473890,9.0376,106.8281937,700149647.6,10.9894,102.0023361,33848528.51,11.0988,95.93259383,33848528.51,11.0988,95.93259383,700149647.6,630825871.8,10.9894,102.0023361
splash,western,mall,113412514.3,108044406.9,4.9684,105.3447757,107658413.6,440473890,9.0376,106.8281937,1017550614,5.4376,101.3141434,154439042.6,7.9833,106.9510595,255830497.8,8.7035,106.9238555,704813004.5,669779142.6,5.2307,101.6486144
splash,western,standalone,41026528.33,34976840.05,17.2963,111.6575093,36743187.8,440473890,9.0376,106.8281937,1017550614,5.4376,101.3141434,154439042.6,7.9833,106.9510595,150794863.8,9.1522,109.4524432,312737609.7,295294575.3,5.907,100.5683609
